7 letter word,% chance,total points,Likelihood Rank,Points Rank
muzjiks,0.00000000000288,29,176,1
bezique,0.00000000010368,27,116,2
tzaddiq,0.00000000007776,27,126,2
cazique,0.00000000007776,27,126,2
mezquit,0.00000000005184,27,136,2
jukebox,0.00000000000768,27,170,2
zootaxy,0.00000000006912,26,129,3
zinkify,0.00000000001944,26,158,3
zombify,0.00000000001152,26,165,3
sovkhoz,0.00000000001024,26,168,3
kolhozy,0.00000000001024,26,168,3
squawky,0.00000000000576,26,173,3
zambuck,0.00000000000288,26,176,3
squeeze,0.00000000027648,25,91,4
jezebel,0.00000000013824,25,111,4
quetzal,0.00000000010368,25,116,4
quinzes,0.00000000010368,25,117,4
quezals,0.00000000006912,25,128,4
frawzey,0.00000000005184,25,135,4
jambeux,0.00000000001728,25,160,4
squiffy,0.00000000001152,25,165,4
packwax,0.00000000000648,25,171,4
muzhiks,0.00000000000576,25,172,4
asphyxy,0.00000000000576,25,172,4
zymurgy,0.00000000000576,25,174,4
quickly,0.00000000000576,25,174,4
oxidize,0.00000000031104,24,87,5
jerqued,0.00000000013824,24,110,5
mythize,0.00000000005184,24,136,5
queechy,0.00000000004608,24,138,5
zincify,0.00000000003888,24,143,5
mitzvah,0.00000000003888,24,143,5
queachy,0.00000000003456,24,144,5
kajawah,0.00000000002916,24,148,5
hamzahs,0.00000000002592,24,150,5
zaddick,0.00000000002592,24,150,5
chintzy,0.00000000002592,24,152,5
showbiz,0.00000000002304,24,153,5
zephyrs,0.00000000002304,24,154,5
zebecks,0.00000000002304,24,155,5
kibbitz,0.00000000001944,24,159,5
waxwork,0.00000000001728,24,160,5
cachexy,0.00000000001728,24,160,5
hutzpah,0.00000000001728,24,161,5
zlotych,0.00000000001536,24,162,5
hydroxy,0.00000000001536,24,162,5
jackdaw,0.00000000001296,24,163,5
jaywalk,0.00000000001296,24,164,5
czapkas,0.00000000001296,24,164,5
ziplock,0.00000000001152,24,167,5
hypoxic,0.00000000001152,24,167,5
kibbutz,0.00000000000864,24,169,5
zythums,0.00000000000768,24,170,5
zambuks,0.00000000000576,24,173,5
jumpoff,0.00000000000512,24,175,5
jumbuck,0.00000000000128,24,177,5
oxazine,0.00000000046656,23,78,6
zanjero,0.00000000031104,23,87,6
zeuxite,0.00000000031104,23,87,6
wheezed,0.00000000027648,23,92,6
janizar,0.00000000026244,23,93,6
quixote,0.00000000020736,23,97,6
equinox,0.00000000020736,23,97,6
jerquer,0.00000000020736,23,98,6
jezails,0.00000000015552,23,106,6
azulejo,0.00000000013824,23,109,6
jerques,0.00000000013824,23,110,6
kyanize,0.00000000011664,23,114,6
quaffed,0.00000000006912,23,128,6
dockize,0.00000000006912,23,128,6
zelkova,0.00000000006912,23,129,6
jonquil,0.00000000006912,23,129,6
vizying,0.00000000005832,23,132,6
avyzing,0.00000000005832,23,132,6
zincked,0.00000000005184,23,135,6
zecchin,0.00000000005184,23,135,6
chametz,0.00000000005184,23,135,6
khazens,0.00000000005184,23,135,6
enzymic,0.00000000005184,23,137,6
chometz,0.00000000004608,23,138,6
kwanzas,0.00000000003888,23,143,6
cyclize,0.00000000003456,23,144,6
squeaky,0.00000000003456,23,144,6
quacked,0.00000000003456,23,144,6
machzor,0.00000000003456,23,144,6
jewfish,0.00000000003456,23,145,6
zymotic,0.00000000003456,23,146,6
zymomes,0.00000000003072,23,147,6
mazhbis,0.00000000002592,23,150,6
quakily,0.00000000002592,23,151,6
foxfish,0.00000000002304,23,153,6
jockney,0.00000000002304,23,154,6
schmooz,0.00000000002048,23,156,6
chutzpa,0.00000000001728,23,161,6
pemphix,0.00000000001728,23,161,6
syzygal,0.00000000001728,23,161,6
schmelz,0.00000000001536,23,162,6
workbox,0.00000000001536,23,162,6
jockeys,0.00000000001536,23,162,6
hijacks,0.00000000001296,23,164,6
lockjaw,0.00000000001152,23,165,6
schmalz,0.00000000001152,23,165,6
squawks,0.00000000001152,23,166,6
squabby,0.00000000001152,23,166,6
chymify,0.00000000000576,23,172,6
wheezer,0.00000000041472,22,82,7
wheezes,0.00000000027648,22,91,7
pheezed,0.00000000027648,22,91,7
wheezle,0.00000000027648,22,92,7
whaizle,0.00000000015552,22,106,7
hafizes,0.00000000015552,22,107,7
qawwali,0.00000000011664,22,115,7
fahlerz,0.00000000010368,22,116,7
zaffres,0.00000000010368,22,116,7
bazooka,0.00000000010368,22,116,7
quaffer,0.00000000010368,22,116,7
zaffers,0.00000000010368,22,116,7
quavery,0.00000000010368,22,116,7
quivery,0.00000000010368,22,118,7
woozily,0.00000000009216,22,122,7
jinxing,0.00000000008748,22,123,7
zaffars,0.00000000007776,22,125,7
zanyish,0.00000000007776,22,126,7
zaffirs,0.00000000007776,22,126,7
quickie,0.00000000007776,22,126,7
tzaddik,0.00000000007776,22,126,7
mazedly,0.00000000006912,22,128,7
hazelly,0.00000000006912,22,128,7
quiched,0.00000000006912,22,128,7
liquefy,0.00000000006912,22,129,7
zoogamy,0.00000000006912,22,129,7
qwertys,0.00000000006912,22,129,7
klezmer,0.00000000006912,22,130,7
zymogen,0.00000000006912,22,130,7
zydecos,0.00000000006144,22,131,7
blowzed,0.00000000006144,22,131,7
britzka,0.00000000005832,22,132,7
liquify,0.00000000005184,22,134,7
qawwals,0.00000000005184,22,135,7
ziffius,0.00000000005184,22,135,7
quicken,0.00000000005184,22,135,7
quacker,0.00000000005184,22,135,7
exarchy,0.00000000005184,22,135,7
quicker,0.00000000005184,22,135,7
zimocca,0.00000000005184,22,135,7
hexarch,0.00000000005184,22,135,7
zaddiks,0.00000000005184,22,135,7
lazyish,0.00000000005184,22,135,7
qualify,0.00000000005184,22,135,7
zygotic,0.00000000005184,22,136,7
bazouki,0.00000000005184,22,136,7
hypoxia,0.00000000005184,22,136,7
cozying,0.00000000005184,22,137,7
zuffoli,0.00000000004608,22,138,7
methoxy,0.00000000004608,22,138,7
phenoxy,0.00000000004608,22,138,7
zuffolo,0.00000000004096,22,141,7
mazurka,0.00000000003888,22,142,7
pickaxe,0.00000000003888,22,143,7
hexylic,0.00000000003456,22,144,7
waxworm,0.00000000003456,22,144,7
bumbaze,0.00000000003456,22,144,7
quackle,0.00000000003456,22,144,7
phizogs,0.00000000003456,22,144,7
pajocke,0.00000000003456,22,144,7
zygomas,0.00000000003456,22,145,7
pixyish,0.00000000002592,22,149,7
pharynx,0.00000000002592,22,150,7
buzukia,0.00000000002592,22,150,7
jackmen,0.00000000002592,22,150,7
djibbah,0.00000000002592,22,151,7
foxship,0.00000000002304,22,153,7
khodjas,0.00000000002304,22,153,7
squishy,0.00000000002304,22,153,7
boxfish,0.00000000002304,22,153,7
squashy,0.00000000002304,22,154,7
oxyphil,0.00000000002304,22,155,7
showbox,0.00000000002048,22,156,7
fowlpox,0.00000000002048,22,156,7
jackman,0.00000000001944,22,157,7
manjack,0.00000000001944,22,157,7
carjack,0.00000000001944,22,158,7
jackpot,0.00000000001728,22,161,7
kumquat,0.00000000001728,22,161,7
kvetchy,0.00000000001152,22,165,7
pajocks,0.00000000001152,22,165,7
buzukis,0.00000000001152,22,165,7
sjambok,0.00000000001152,22,166,7
jamboks,0.00000000001152,22,166,7
jubhahs,0.00000000001152,22,166,7
coxcomb,0.00000000001024,22,168,7
lockbox,0.00000000001024,22,168,7
echoize,0.00000000041472,21,80,8
cerveza,0.00000000031104,21,88,8
pheezes,0.00000000027648,21,91,8
azymite,0.00000000023328,21,95,8
cyanize,0.00000000023328,21,95,8
pheazar,0.00000000023328,21,95,8
rhizome,0.00000000020736,21,97,8
bemazed,0.00000000020736,21,98,8
defuzed,0.00000000018432,21,100,8
hazanim,0.00000000017496,21,103,8
rhizopi,0.00000000015552,21,106,8
rhizoma,0.00000000015552,21,107,8
affixed,0.00000000015552,21,107,8
gazooka,0.00000000015552,21,108,8
agryzed,0.00000000015552,21,108,8
dazedly,0.00000000013824,21,109,8
enzymes,0.00000000013824,21,110,8
chequer,0.00000000013824,21,110,8
isozyme,0.00000000013824,21,110,8
chorizo,0.00000000013824,21,111,8
chalaza,0.00000000011664,21,113,8
qabalah,0.00000000011664,21,114,8
quirked,0.00000000010368,21,116,8
quinche,0.00000000010368,21,116,8
outjinx,0.00000000010368,21,117,8
matzoth,0.00000000010368,21,117,8
cheques,0.00000000009216,21,120,8
quonked,0.00000000009216,21,120,8
nudzhed,0.00000000009216,21,120,8
jookery,0.00000000009216,21,121,8
polyzoa,0.00000000009216,21,121,8
benzoyl,0.00000000009216,21,121,8
boozily,0.00000000009216,21,122,8
odzooks,0.00000000008192,21,124,8
chazans,0.00000000007776,21,125,8
jawlike,0.00000000007776,21,125,8
crazily,0.00000000007776,21,126,8
matzahs,0.00000000007776,21,126,8
charqui,0.00000000007776,21,126,8
diquark,0.00000000007776,21,126,8
azimuth,0.00000000007776,21,126,8
hazmats,0.00000000007776,21,126,8
jeffing,0.00000000007776,21,127,8
coryzas,0.00000000006912,21,128,8
coryzal,0.00000000006912,21,128,8
foxlike,0.00000000006912,21,128,8
mahzors,0.00000000006912,21,128,8
equably,0.00000000006912,21,128,8
mazeful,0.00000000006912,21,128,8
czardom,0.00000000006912,21,128,8
lacquey,0.00000000006912,21,128,8
fixedly,0.00000000006912,21,128,8
matzohs,0.00000000006912,21,129,8
quipped,0.00000000006912,21,129,8
quiches,0.00000000006912,21,129,8
cliquey,0.00000000006912,21,130,8
obsequy,0.00000000006144,21,131,8
quopped,0.00000000006144,21,131,8
blowzes,0.00000000006144,21,131,8
quaking,0.00000000005832,21,132,8
jipyapa,0.00000000005832,21,132,8
khanjar,0.00000000005832,21,132,8
jambiya,0.00000000005832,21,133,8
fizgigs,0.00000000005832,21,133,8
jerkily,0.00000000005184,21,135,8
quaichs,0.00000000005184,21,135,8
pyrexic,0.00000000005184,21,135,8
adzukis,0.00000000005184,21,135,8
quamash,0.00000000005184,21,135,8
chamoix,0.00000000005184,21,135,8
byzants,0.00000000005184,21,136,8
quetsch,0.00000000004608,21,138,8
benzyls,0.00000000004608,21,139,8
qubytes,0.00000000004608,21,139,8
jobbery,0.00000000004608,21,139,8
joukery,0.00000000004608,21,139,8
azymous,0.00000000004608,21,139,8
obloquy,0.00000000004096,21,141,8
hijinks,0.00000000003888,21,142,8
jimminy,0.00000000003888,21,142,8
jhatkas,0.00000000003888,21,143,8
panchax,0.00000000003888,21,143,8
chalutz,0.00000000003456,21,145,8
hutzpas,0.00000000003456,21,145,8
foxskin,0.00000000003456,21,146,8
jacking,0.00000000002916,21,148,8
pyjamas,0.00000000002592,21,150,8
jibbahs,0.00000000002592,21,150,8
jackleg,0.00000000002592,21,151,8
cashbox,0.00000000002304,21,153,8
myxomas,0.00000000002304,21,153,8
buqshas,0.00000000002304,21,154,8
jaloppy,0.00000000002304,21,154,8
killjoy,0.00000000002304,21,155,8
joypops,0.00000000002048,21,156,8
popjoys,0.00000000002048,21,156,8
hobjobs,0.00000000002048,21,156,8
blowjob,0.00000000002048,21,156,8
gazumps,0.00000000001728,21,161,8
janskys,0.00000000001728,21,161,8
kachcha,0.00000000001296,21,163,8
chachka,0.00000000001296,21,163,8
packway,0.00000000001296,21,164,8
maffick,0.00000000001296,21,164,8
pickoff,0.00000000001152,21,165,8
jumpily,0.00000000001152,21,165,8
haycock,0.00000000001152,21,165,8
jacchus,0.00000000001152,21,165,8
jubbahs,0.00000000001152,21,166,8
chylify,0.00000000001152,21,167,8
boychik,0.00000000001152,21,167,8
buxomly,0.00000000001024,21,168,8
flummox,0.00000000001024,21,168,8
chyacks,0.00000000000576,21,172,8
kuchcha,0.00000000000576,21,172,8
flyback,0.00000000000576,21,172,8
hawbuck,0.00000000000576,21,172,8
cockshy,0.00000000000512,21,175,8
highway,0.00000000003888,20,142,9
justify,0.00000000003456,20,145,9
complex,0.00000000003072,20,147,9
inquiry,0.00000000023328,19,95,10
exhibit,0.00000000023328,19,96,10
phoenix,0.00000000020736,19,97,10
quality,0.00000000015552,19,108,10
exactly,0.00000000010368,19,119,10
checked,0.00000000004608,19,140,10
acquire,0.00000000046656,18,78,11
example,0.00000000020736,18,98,11
project,0.00000000013824,18,110,11
whereby,0.00000000013824,18,111,11
chicken,0.00000000005184,18,135,11
subject,0.00000000004608,18,138,11
anxiety,0.00000000069984,17,66,12
excited,0.00000000062208,17,71,12
journey,0.00000000027648,17,91,12
jointly,0.00000000020736,17,99,12
exclude,0.00000000018432,17,102,12
privacy,0.00000000007776,17,126,12
realize,0.00000000279936,16,26,13
require,0.00000000186624,16,35,13
examine,0.00000000139968,16,43,13
extreme,0.00000000124416,16,48,13
quarter,0.00000000093312,16,56,13
request,0.00000000082944,16,59,13
expense,0.00000000082944,16,59,13
however,0.00000000055296,16,75,13
explore,0.00000000055296,16,75,13
explain,0.00000000046656,16,78,13
context,0.00000000041472,16,81,13
whether,0.00000000041472,16,82,13
heavily,0.00000000031104,16,86,13
mixture,0.00000000031104,16,87,13
express,0.00000000027648,16,91,13
justice,0.00000000020736,16,97,13
healthy,0.00000000020736,16,97,13
kitchen,0.00000000015552,16,107,13
anybody,0.00000000013824,16,110,13
pacific,0.00000000011664,16,114,13
package,0.00000000011664,16,115,13
chamber,0.00000000010368,16,116,13
company,0.00000000006912,16,129,13
picking,0.00000000005832,16,132,13
backing,0.00000000005832,16,132,13
achieve,0.00000000093312,15,56,14
weekend,0.00000000082944,15,58,14
vehicle,0.00000000041472,15,80,14
officer,0.00000000041472,15,80,14
thereby,0.00000000041472,15,82,14
academy,0.00000000031104,15,87,14
therapy,0.00000000031104,15,87,14
poverty,0.00000000027648,15,91,14
somehow,0.00000000024576,15,94,14
traffic,0.00000000023328,15,95,14
charity,0.00000000023328,15,95,14
factory,0.00000000020736,15,97,14
victory,0.00000000020736,15,98,14
dynamic,0.00000000015552,15,107,14
knowing,0.00000000015552,15,107,14
working,0.00000000015552,15,107,14
himself,0.00000000013824,15,110,14
mystery,0.00000000013824,15,110,14
walking,0.00000000011664,15,114,14
kingdom,0.00000000010368,15,117,14
monthly,0.00000000009216,15,121,14
compact,0.00000000006912,15,128,14
faculty,0.00000000006912,15,129,14
helpful,0.00000000006144,15,131,14
sixteen,0.00000000186624,14,35,15
viewing,0.00000000069984,14,68,15
gateway,0.00000000069984,14,69,15
anxious,0.00000000062208,14,71,15
keeping,0.00000000046656,14,78,15
machine,0.00000000046656,14,78,15
improve,0.00000000041472,14,80,15
forward,0.00000000041472,14,80,15
journal,0.00000000041472,14,80,15
holiday,0.00000000041472,14,81,15
perfect,0.00000000041472,14,81,15
network,0.00000000041472,14,82,15
economy,0.00000000036864,14,84,15
welcome,0.00000000036864,14,85,15
payable,0.00000000031104,14,86,15
payment,0.00000000031104,14,87,15
chapter,0.00000000031104,14,87,15
perform,0.00000000027648,14,91,15
fishing,0.00000000023328,14,95,15
primary,0.00000000023328,14,96,15
perhaps,0.00000000020736,14,97,15
chronic,0.00000000020736,14,97,15
showing,0.00000000020736,14,97,15
webcast,0.00000000020736,14,98,15
confirm,0.00000000020736,14,99,15
desktop,0.00000000018432,14,100,15
comfort,0.00000000018432,14,100,15
banking,0.00000000017496,14,104,15
parking,0.00000000017496,14,105,15
typical,0.00000000015552,14,107,15
command,0.00000000013824,14,110,15
unknown,0.00000000013824,14,110,15
through,0.00000000013824,14,110,15
thought,0.00000000013824,14,110,15
smoking,0.00000000010368,14,118,15
summary,0.00000000006912,14,128,15
publish,0.00000000004608,14,138,15
fifteen,0.00000000186624,13,35,16
weather,0.00000000186624,13,36,16
defence,0.00000000165888,13,38,16
forever,0.00000000165888,13,39,16
nowhere,0.00000000165888,13,39,16
variety,0.00000000139968,13,44,16
divided,0.00000000124416,13,47,16
welfare,0.00000000124416,13,48,16
whereas,0.00000000124416,13,48,16
offense,0.00000000110592,13,51,16
freedom,0.00000000110592,13,52,16
removed,0.00000000110592,13,52,16
advance,0.00000000093312,13,57,16
deficit,0.00000000093312,13,57,16
provide,0.00000000082944,13,58,16
involve,0.00000000082944,13,58,16
seventh,0.00000000082944,13,60,16
develop,0.00000000073728,13,65,16
railway,0.00000000069984,13,67,16
fashion,0.00000000062208,13,71,16
wedding,0.00000000062208,13,71,16
speaker,0.00000000062208,13,72,16
herself,0.00000000055296,13,74,16
compete,0.00000000055296,13,75,16
mistake,0.00000000046656,13,78,16
survive,0.00000000041472,13,80,16
combine,0.00000000041472,13,80,16
compare,0.00000000041472,13,80,16
further,0.00000000041472,13,81,16
without,0.00000000041472,13,82,16
history,0.00000000041472,13,82,16
touched,0.00000000036864,13,83,16
capable,0.00000000031104,13,87,16
satisfy,0.00000000031104,13,87,16
helping,0.00000000031104,13,89,16
loyalty,0.00000000027648,13,91,16
comment,0.00000000027648,13,91,16
concept,0.00000000027648,13,92,16
display,0.00000000020736,13,98,16
premium,0.00000000020736,13,98,16
problem,0.00000000018432,13,101,16
shortly,0.00000000018432,13,101,16
husband,0.00000000013824,13,110,16
brought,0.00000000013824,13,111,16
pushing,0.00000000010368,13,116,16
receive,0.00000000373248,12,20,17
believe,0.00000000248832,12,28,17
between,0.00000000248832,12,28,17
devoted,0.00000000221184,12,31,17
benefit,0.00000000186624,12,35,17
teacher,0.00000000186624,12,36,17
enhance,0.00000000186624,12,36,17
beneath,0.00000000186624,12,36,17
recover,0.00000000165888,12,38,17
decided,0.00000000165888,12,40,17
finance,0.00000000139968,12,44,17
private,0.00000000139968,12,44,17
heading,0.00000000139968,12,44,17
advised,0.00000000124416,12,47,17
website,0.00000000124416,12,47,17
service,0.00000000124416,12,47,17
prevent,0.00000000124416,12,49,17
proceed,0.00000000110592,12,52,17
charlie,0.00000000093312,12,56,17
fiction,0.00000000093312,12,56,17
battery,0.00000000093312,12,57,17
charter,0.00000000093312,12,57,17
society,0.00000000082944,12,58,17
profile,0.00000000082944,12,58,17
removal,0.00000000082944,12,59,17
brother,0.00000000082944,12,60,17
reflect,0.00000000082944,12,61,17
convert,0.00000000082944,12,61,17
bedroom,0.00000000073728,12,65,17
ability,0.00000000069984,12,66,17
drawing,0.00000000069984,12,66,17
finding,0.00000000069984,12,67,17
driving,0.00000000069984,12,67,17
passive,0.00000000062208,12,70,17
massive,0.00000000062208,12,70,17
applied,0.00000000062208,12,71,17
predict,0.00000000062208,12,71,17
penalty,0.00000000062208,12,71,17
visible,0.00000000062208,12,71,17
medical,0.00000000062208,12,71,17
liberty,0.00000000062208,12,71,17
channel,0.00000000062208,12,72,17
hundred,0.00000000055296,12,75,17
hanging,0.00000000052488,12,76,17
library,0.00000000046656,12,79,17
careful,0.00000000041472,12,80,17
surface,0.00000000041472,12,80,17
holding,0.00000000041472,12,81,17
stretch,0.00000000041472,12,81,17
uniform,0.00000000041472,12,81,17
century,0.00000000041472,12,82,17
clothes,0.00000000036864,12,83,17
produce,0.00000000036864,12,83,17
alcohol,0.00000000036864,12,83,17
succeed,0.00000000036864,12,85,17
obvious,0.00000000036864,12,85,17
program,0.00000000031104,12,88,17
skilled,0.00000000027648,12,90,17
formula,0.00000000027648,12,90,17
accused,0.00000000027648,12,90,17
country,0.00000000027648,12,91,17
killing,0.00000000023328,12,95,17
crystal,0.00000000020736,12,97,17
product,0.00000000018432,12,100,17
conduct,0.00000000018432,12,100,17
average,0.00000000419904,11,17,18
evident,0.00000000373248,11,20,18
evening,0.00000000279936,11,27,18
diverse,0.00000000248832,11,28,18
adverse,0.00000000248832,11,29,18
federal,0.00000000248832,11,29,18
deliver,0.00000000248832,11,29,18
wearing,0.00000000209952,11,33,18
hearing,0.00000000209952,11,33,18
adviser,0.00000000186624,11,35,18
receipt,0.00000000186624,11,35,18
premier,0.00000000186624,11,35,18
feeling,0.00000000186624,11,35,18
readily,0.00000000186624,11,35,18
foreign,0.00000000186624,11,36,18
prepare,0.00000000186624,11,36,18
already,0.00000000186624,11,36,18
waiting,0.00000000157464,11,41,18
cabinet,0.00000000139968,11,44,18
density,0.00000000124416,11,47,18
diamond,0.00000000124416,11,47,18
science,0.00000000124416,11,47,18
precise,0.00000000124416,11,47,18
replace,0.00000000124416,11,48,18
percent,0.00000000124416,11,49,18
absence,0.00000000124416,11,49,18
founder,0.00000000110592,11,51,18
destroy,0.00000000110592,11,51,18
promote,0.00000000110592,11,51,18
elderly,0.00000000110592,11,52,18
telecom,0.00000000110592,11,52,18
warning,0.00000000104976,11,53,18
wanting,0.00000000104976,11,53,18
failing,0.00000000104976,11,54,18
captain,0.00000000104976,11,54,18
winning,0.00000000104976,11,54,18
writing,0.00000000104976,11,54,18
caliber,0.00000000093312,11,56,18
caption,0.00000000093312,11,56,18
balance,0.00000000093312,11,56,18
centric,0.00000000093312,11,56,18
attempt,0.00000000093312,11,56,18
climate,0.00000000093312,11,56,18
tonight,0.00000000093312,11,57,18
pending,0.00000000093312,11,57,18
nothing,0.00000000093312,11,57,18
serving,0.00000000093312,11,57,18
village,0.00000000093312,11,57,18
default,0.00000000082944,11,58,18
promise,0.00000000082944,11,58,18
species,0.00000000082944,11,58,18
towards,0.00000000082944,11,58,18
because,0.00000000082944,11,59,18
respect,0.00000000082944,11,59,18
concern,0.00000000082944,11,60,18
concert,0.00000000082944,11,60,18
connect,0.00000000082944,11,60,18
protect,0.00000000082944,11,61,18
correct,0.00000000082944,11,61,18
imaging,0.00000000078732,11,62,18
gigabit,0.00000000078732,11,62,18
outcome,0.00000000073728,11,63,18
capital,0.00000000069984,11,66,18
minimal,0.00000000069984,11,67,18
insight,0.00000000069984,11,67,18
binding,0.00000000069984,11,67,18
contact,0.00000000062208,11,71,18
picture,0.00000000062208,11,71,18
optical,0.00000000062208,11,71,18
capture,0.00000000062208,11,71,18
special,0.00000000062208,11,71,18
upgrade,0.00000000062208,11,72,18
largely,0.00000000062208,11,72,18
gallery,0.00000000062208,11,72,18
supreme,0.00000000055296,11,74,18
outlook,0.00000000049152,11,77,18
filling,0.00000000046656,11,78,18
willing,0.00000000046656,11,78,18
circuit,0.00000000046656,11,79,18
housing,0.00000000041472,11,80,18
account,0.00000000041472,11,80,18
surgery,0.00000000041472,11,82,18
process,0.00000000036864,11,83,18
purpose,0.00000000036864,11,84,18
collect,0.00000000036864,11,85,18
plastic,0.00000000031104,11,87,18
crucial,0.00000000031104,11,87,18
upscale,0.00000000027648,11,90,18
popular,0.00000000027648,11,90,18
council,0.00000000027648,11,92,18
suppose,0.00000000024576,11,94,18
classic,0.00000000020736,11,97,18
musical,0.00000000020736,11,97,18
suspect,0.00000000018432,11,100,18
support,0.00000000018432,11,101,18
success,0.00000000012288,11,112,18
neither,0.00000000559872,10,12,19
veteran,0.00000000559872,10,12,19
theatre,0.00000000559872,10,13,19
reserve,0.00000000497664,10,15,19
reverse,0.00000000497664,10,15,19
revenue,0.00000000497664,10,15,19
feature,0.00000000373248,10,19,19
another,0.00000000373248,10,20,19
imagine,0.00000000314928,10,23,19
married,0.00000000279936,10,25,19
painted,0.00000000279936,10,25,19
engaged,0.00000000279936,10,25,19
written,0.00000000279936,10,26,19
reality,0.00000000279936,10,26,19
meeting,0.00000000279936,10,27,19
genetic,0.00000000279936,10,27,19
despite,0.00000000248832,10,28,19
pointed,0.00000000248832,10,28,19
violent,0.00000000248832,10,28,19
version,0.00000000248832,10,28,19
several,0.00000000248832,10,29,19
decline,0.00000000248832,10,29,19
western,0.00000000248832,10,30,19
venture,0.00000000248832,10,30,19
resolve,0.00000000221184,10,31,19
arrival,0.00000000209952,10,32,19
manager,0.00000000209952,10,33,19
bearing,0.00000000209952,10,33,19
meaning,0.00000000209952,10,33,19
warrant,0.00000000209952,10,33,19
beating,0.00000000209952,10,33,19
failure,0.00000000186624,10,35,19
opening,0.00000000186624,10,36,19
limited,0.00000000186624,10,36,19
besides,0.00000000165888,10,37,19
deposit,0.00000000165888,10,37,19
overall,0.00000000165888,10,38,19
fortune,0.00000000165888,10,38,19
radical,0.00000000139968,10,43,19
organic,0.00000000139968,10,44,19
ceiling,0.00000000139968,10,45,19
fitness,0.00000000124416,10,47,19
witness,0.00000000124416,10,47,19
message,0.00000000124416,10,47,19
various,0.00000000124416,10,48,19
segment,0.00000000124416,10,49,19
college,0.00000000110592,10,50,19
nervous,0.00000000110592,10,51,19
respond,0.00000000110592,10,51,19
analyst,0.00000000093312,10,55,19
passage,0.00000000093312,10,56,19
virtual,0.00000000093312,10,56,19
morning,0.00000000093312,10,57,19
utility,0.00000000093312,10,57,19
dispute,0.00000000082944,10,58,19
include,0.00000000082944,10,58,19
totally,0.00000000082944,10,59,19
logical,0.00000000062208,10,71,19
assumed,0.00000000055296,10,73,19
calling,0.00000000046656,10,78,19
cutting,0.00000000046656,10,78,19
missing,0.00000000046656,10,78,19
passing,0.00000000046656,10,78,19
burning,0.00000000046656,10,79,19
closing,0.00000000041472,10,82,19
discuss,0.00000000018432,10,100,19
pioneer,0.00000000746496,9,8,20
operate,0.00000000746496,9,9,20
element,0.00000000497664,9,15,20
someone,0.00000000442368,9,16,20
barrier,0.00000000419904,9,17,20
patient,0.00000000419904,9,17,20
Reading,0.00000000419904,9,17,20
carrier,0.00000000419904,9,18,20
ancient,0.00000000419904,9,18,20
interim,0.00000000419904,9,18,20
certain,0.00000000419904,9,18,20
protein,0.00000000373248,9,19,20
mention,0.00000000373248,9,19,20
opinion,0.00000000373248,9,20,20
essence,0.00000000331776,9,22,20
article,0.00000000279936,9,25,20
mineral,0.00000000279936,9,26,20
dealing,0.00000000279936,9,26,20
printer,0.00000000279936,9,26,20
leading,0.00000000279936,9,26,20
airport,0.00000000279936,9,26,20
remains,0.00000000279936,9,26,20
pattern,0.00000000279936,9,27,20
contain,0.00000000279936,9,27,20
partner,0.00000000279936,9,27,20
section,0.00000000248832,9,28,20
license,0.00000000248832,9,28,20
pension,0.00000000248832,9,28,20
alleged,0.00000000248832,9,28,20
measure,0.00000000248832,9,28,20
silence,0.00000000248832,9,28,20
portion,0.00000000248832,9,29,20
monitor,0.00000000248832,9,29,20
present,0.00000000248832,9,29,20
notable,0.00000000248832,9,29,20
content,0.00000000248832,9,29,20
digital,0.00000000209952,9,32,20
attract,0.00000000209952,9,32,20
partial,0.00000000209952,9,32,20
liberal,0.00000000186624,9,35,20
caution,0.00000000186624,9,35,20
central,0.00000000186624,9,35,20
auction,0.00000000186624,9,35,20
ongoing,0.00000000186624,9,36,20
address,0.00000000165888,9,37,20
studied,0.00000000165888,9,37,20
protest,0.00000000165888,9,38,20
consent,0.00000000165888,9,39,20
counter,0.00000000165888,9,40,20
contest,0.00000000165888,9,40,20
landing,0.00000000139968,9,43,20
similar,0.00000000139968,9,44,20
mission,0.00000000124416,9,46,20
billion,0.00000000124416,9,46,20
passion,0.00000000124416,9,47,20
current,0.00000000124416,9,49,20
nuclear,0.00000000124416,9,49,20
million,0.00000000124416,9,49,20
silicon,0.00000000124416,9,49,20
control,0.00000000110592,9,51,20
trouble,0.00000000110592,9,52,20
consist,0.00000000082944,9,60,20
closure,0.00000000073728,9,63,20
sponsor,0.00000000073728,9,64,20
counsel,0.00000000073728,9,64,20
classes,0.00000000055296,9,73,20
culture,0.00000000055296,9,74,20
suggest,0.00000000041472,9,82,20
surplus,0.00000000012288,9,112,20
retired,0.00000001119744,8,3,21
edition,0.00000001119744,8,3,21
greater,0.00000000839808,8,7,21
disease,0.00000000746496,8,8,21
related,0.00000000746496,8,8,21
learned,0.00000000746496,8,8,21
arrange,0.00000000629856,8,10,21
instead,0.00000000559872,8,11,21
general,0.00000000559872,8,12,21
genuine,0.00000000559872,8,13,21
storage,0.00000000373248,8,20,21
outside,0.00000000331776,8,21,21
against,0.00000000314928,8,23,21
outdoor,0.00000000294912,8,24,21
distant,0.00000000279936,8,26,21
strange,0.00000000279936,8,27,21
setting,0.00000000279936,8,27,21
sitting,0.00000000209952,8,33,21
telling,0.00000000186624,8,36,21
regular,0.00000000186624,8,36,21
illegal,0.00000000186624,8,36,21
assured,0.00000000165888,8,37,21
student,0.00000000165888,8,38,21
lasting,0.00000000139968,8,45,21
turning,0.00000000139968,8,45,21
listing,0.00000000139968,8,45,21
running,0.00000000139968,8,45,21
nursing,0.00000000093312,8,57,21
release,0.00000001492992,7,1,22
airline,0.00000001259712,7,2,22
intense,0.00000001119744,7,3,22
eastern,0.00000001119744,7,4,22
restore,0.00000000995328,7,5,22
initial,0.00000000944784,7,6,22
tension,0.00000000746496,7,8,22
routine,0.00000000746496,7,8,22
station,0.00000000559872,7,12,22
leisure,0.00000000497664,7,14,22
instant,0.00000000419904,7,18,22
neutral,0.00000000373248,7,20,22
serious,0.00000000331776,7,21,22
session,0.00000000331776,7,21,22
natural,0.00000000279936,7,26,22
sustain,0.00000000186624,7,34,22
install,0.00000000186624,7,35,22
illness,0.00000000165888,7,37,22
rollout,0.00000000147456,7,42,22
assault,0.00000000124416,7,47,22
unusual,0.00000000055296,7,74,22
